1 0.125 0.6385416666666667 0.175 0.4979166666666667
1 0.128125 0.22083333333333333 0.159375 0.22083333333333333
1 0.8385416666666666 0.18333333333333332 0.23333333333333334 0.22291666666666668
1 0.415625 0.21666666666666667 0.134375 0.25
1 0.278125 0.19895833333333332 0.134375 0.209375
1 0.5395833333333333 0.178125 0.12083333333333333 0.2552083333333333
1 0.659375 0.15729166666666666 0.125 0.275
1 0.2916666666666667 0.7 0.16145833333333334 0.37916666666666665
1 0.46770833333333334 0.7302083333333333 0.19375 0.32708333333333334
1 0.6385416666666667 0.76875 0.21979166666666666 0.23125
1 0.7927083333333333 0.8208333333333333 0.08229166666666667 0.12291666666666666
1 0.8614583333333333 0.8208333333333333 0.07916666666666666 0.11458333333333333
1 0.9385416666666667 0.828125 0.071875 0.0875