1 0.2 0.15208333333333332 0.19583333333333333 0.20625
1 0.48333333333333334 0.13958333333333334 0.10104166666666667 0.058333333333333334
1 0.49895833333333334 0.18541666666666667 0.10416666666666667 0.05625
1 0.584375 0.146875 0.096875 0.08020833333333334
1 0.8260416666666667 0.153125 0.32708333333333334 0.171875
1 0.171875 0.4708333333333333 0.24583333333333332 0.13541666666666666
1 0.8354166666666667 0.4979166666666667 0.32916666666666666 0.228125
1 0.496875 0.4239583333333333 0.18645833333333334 0.14583333333333334
1 0.18645833333333334 0.8458333333333333 0.121875 0.14375
1 0.5145833333333333 0.8260416666666667 0.19895833333333332 0.096875
1 0.75 0.8072916666666666 0.13229166666666667 0.11979166666666667
1 0.81875 0.8864583333333333 0.184375 0.14479166666666668